"bk"	"type"	"comptrt"	"Mvtrt"	"Mvabund"	"pavi"	"sobi"	"MVrelabund"	"nhdi"	"nodi"	"nh.no"	"totdi"	"ammonifd"	"nitrifd"	"minzd"	"soilmoi"	"total"
"1"	"Empty"	"N"	"0"	0	0	0	0	2.0212	113.0142	0.0179	115.0354	-0.1403	8.6452	8.5049	83.06	0
"2"	"Empty"	"N"	"0"	0	0	0	0	10.0149	74.6131	0.1342	84.628	-0.7731	2.9896	2.2165	82.61	0
"3"	"Empty"	"N"	"0"	0	0	0	0	19.0947	85.1396	0.2243	104.2343	-1.5731	-5.6387	-7.2119	80.31	0
"4"	"Empty"	"N"	"0"	0	0	0	0	22.8036	43.4561	0.5247	66.2597	-1.879	2.7151	0.8361	80.26	0
"5"	"Empty"	"N"	"0"	0	0	0	0	5.4743	89.4789	0.0612	94.9532	-0.4404	2.1788	1.7384	80.97	0
"6"	"Empty"	"N"	"0"	0	0	0	0	4.4658	93.0122	0.048	97.478	-0.2827	-3.914	-4.1967	81.61	0
"7"	"Empty"	"N"	"0"	0	0	0	0	14.473	87.1059	0.1662	101.5789	-0.9615	-4.4636	-5.425	83.27	0
"8"	"Empty"	"N"	"0"	0	0	0	0	18.8261	63.9665	0.2943	82.7926	-1.3402	-3.5565	-4.8966	83.39	0
"9"	"Empty"	"N"	"0"	0	0	0	0	9.4341	80.085	0.1178	89.5191	-0.7843	-1.8819	-2.6662	80.8	0
"10"	"Empty"	"N"	"0"	0	0	0	0	10.2052	85.6741	0.1191	95.8793	-0.7706	0.5277	-0.2429	82.54	0
"1"	"CompEmpty"	"N"	"5"	27.76	0	0	100	8.6514	30.2962	0.2856	38.9476	1.452	4.4545	5.9066	76.72	27.76
"1"	"CompEmpty"	"N"	"4"	34.81	0	0	100	1.8875	32.9603	0.0573	34.8478	-0.1559	4.8917	4.7358	76.39	34.81
"1"	"CompEmpty"	"N"	"2"	16.16	0	0	100	9.8266	26.6491	0.3687	36.4757	-0.8171	3.9887	3.1716	80.75	16.16
"1"	"CompEmpty"	"N"	"1"	7.38	0	0	100	0.9203	58.1462	0.0158	59.0666	-0.0364	3.7805	3.7441	79.06	7.38
"2"	"CompEmpty"	"N"	"5"	25.64	0	0	100	3.2316	42.4984	0.076	45.73	-0.2166	-1.5711	-1.7878	78.66	25.64
"2"	"CompEmpty"	"N"	"4"	30.35	0	0	100	4.504	35.2932	0.1276	39.7971	-0.2601	-0.7278	-0.9879	77.99	30.35
"2"	"CompEmpty"	"N"	"2"	20.14	0	0	100	3.9949	34.0335	0.1174	38.0285	-0.3138	-1.0995	-1.4133	81.68	20.14
"2"	"CompEmpty"	"N"	"1"	15.19	0	0	100	11.3721	27.8875	0.4078	39.2597	-0.9114	0.2831	-0.6283	80.29	15.19
"3"	"CompEmpty"	"N"	"5"	14.75	0	0	100	12.2648	25.4556	0.4818	37.7204	-0.9793	-0.6662	-1.6455	77.4	14.75
"3"	"CompEmpty"	"N"	"4"	25.1	0	0	100	16.4479	20.2064	0.814	36.6543	-1.3548	0.1213	-1.2334	81.82	25.1
"3"	"CompEmpty"	"N"	"2"	33.16	0	0	100	5.4169	19.7009	0.275	25.1177	-0.445	1.079	0.6341	81.4	33.16
"4"	"CompEmpty"	"N"	"5"	35.79	0	0	100	6.847	18.3215	0.3737	25.1686	-0.5139	-0.4597	-0.9736	62.5	35.79
"4"	"CompEmpty"	"N"	"4"	21.9	0	0	100	19.9434	28.2054	0.7071	48.1488	-1.6431	-0.5361	-2.1793	80.84	21.9
"4"	"CompEmpty"	"N"	"2"	18.31	0	0	100	12.5974	17.9586	0.7015	30.556	-0.9015	0.8057	-0.0958	81.23	18.31
"4"	"CompEmpty"	"N"	"1"	13.51	0	0	100	13.5888	16.7907	0.8093	30.3794	-1.1108	0.641	-0.4699	75.68	13.51
"5"	"CompEmpty"	"N"	"5"	28.24	0	0	100	6.3746	24.7749	0.2573	31.1494	-0.5157	4.1148	3.5991	75.55	28.24
"5"	"CompEmpty"	"N"	"4"	28.26	0	0	100	11.5365	17.7578	0.6497	29.2943	-0.9039	0.0928	-0.8111	77.97	28.26
"5"	"CompEmpty"	"N"	"2"	20.51	0	0	100	2.8422	16.475	0.1725	19.3172	-0.1861	5.7929	5.6068	75.66	20.51
"6"	"CompEmpty"	"N"	"5"	36.76	0	0	100	4.0772	41.4143	0.0985	45.4916	-0.2961	-2.5775	-2.8736	67.85	36.76
"6"	"CompEmpty"	"N"	"4"	18.99	0	0	100	10.832	52.118	0.2078	62.95	-0.8584	-2.1314	-2.9898	78.45	18.99
"6"	"CompEmpty"	"N"	"2"	8.05	0	0	98	4.6353	55.3013	0.0838	59.9366	-0.3575	4.7862	4.4287	79.37	8.05
"6"	"CompEmpty"	"N"	"1"	15.17	0	0	100	7.3747	47.083	0.1566	54.4578	-0.516	-1.5702	-2.0862	78.26	15.17
"7"	"CompEmpty"	"N"	"5"	36.81	0	0	100	8.7562	50.0524	0.1749	58.8086	-0.6024	-0.0701	-0.6725	78.21	36.81
"7"	"CompEmpty"	"N"	"4"	33.43	0	0	100	32.8182	32.4397	1.0117	65.2578	-2.5372	0.8503	-1.6869	80.52	33.43
"7"	"CompEmpty"	"N"	"2"	24.05	0	0	100	5.8605	38.5258	0.1521	44.3863	-0.3376	-2.1334	-2.4711	72.93	24.05
"7"	"CompEmpty"	"N"	"1"	15.05	0	0	100	4.659	55.7273	0.0836	60.3863	-0.2237	-3.4627	-3.6864	81.63	15.05
"8"	"CompEmpty"	"N"	"5"	27.75	0	0	100	8.9126	39.5883	0.2251	48.5009	-0.5727	-1.9033	-2.476	80.15	27.75
"8"	"CompEmpty"	"N"	"4"	35.08	0	0	100	16.1506	47.08	0.343	63.2306	-1.0834	1.4246	0.3412	83.69	35.08
"8"	"CompEmpty"	"N"	"2"	20.72	0	0	100	10.3058	46.9393	0.2196	57.2451	-0.5338	2.8292	2.2954	81.99	20.72
"8"	"CompEmpty"	"N"	"1"	36.4	0	0	100	1.3472	34.6087	0.0389	35.9559	0.0682	-1.5758	-1.5076	80.14	36.4
"9"	"CompEmpty"	"N"	"5"	40.17	0	0	100	8.6173	69.3645	0.1242	77.9818	-0.7166	-4.1416	-4.8581	79.15	40.17
"9"	"CompEmpty"	"N"	"4"	27.89	0	0	100	1.4652	28.6616	0.0511	30.1268	0.822	-0.5754	0.2465	79.79	27.89
"9"	"CompEmpty"	"N"	"2"	10.86	0	0	100	12.0903	42.9569	0.2815	55.0472	-1.0005	-0.9783	-1.9787	78.6	10.86
"9"	"CompEmpty"	"N"	"1"	23.33	0	0	100	5.1134	21.8357	0.2342	26.9492	-0.411	-1.1035	-1.5145	75.68	23.33
"10"	"CompEmpty"	"N"	"5"	35.59	0	0	100	8.6812	14.3514	0.6049	23.0326	-0.7218	0.3476	-0.3742	79.2	35.59
"10"	"CompEmpty"	"N"	"4"	23.11	0	0	100	6.4563	18.5627	0.3478	25.019	-0.5158	-0.669	-1.1848	78.39	23.11
"10"	"CompEmpty"	"N"	"2"	25.84	0	0	100	1.5825	15.044	0.1052	16.6265	-0.1026	-0.477	-0.5796	78.82	25.84
"10"	"CompEmpty"	"N"	"1"	13.74	0	0	100	8.6091	20.4804	0.4204	29.0895	-0.7157	0.1211	-0.5946	81.5	13.74
"1"	"Mivi"	"N"	"6"	25.35	0	0	100	3.9354	43.5426	0.0904	47.478	-0.2734	3.6092	3.3358	73.04	25.35
"2"	"Mivi"	"N"	"6"	26.07	0	0	100	4.3652	56.5225	0.0772	60.8877	-0.3516	5.689	5.3374	79.23	26.07
"3"	"Mivi"	"N"	"6"	22.85	0	0	100	7.45	20.5596	0.3624	28.0096	-0.5754	6.1599	5.5845	77.03	22.85
"4"	"Mivi"	"N"	"6"	42.42	0	0	100	13.4369	20.5201	0.6548	33.957	-1.058	6.1095	5.0515	73.91	42.42
"5"	"Mivi"	"N"	"6"	41.36	0	0	100	8.627	25.0031	0.345	33.6301	-0.7151	-0.5473	-1.2623	75.37	41.36
"6"	"Mivi"	"N"	"6"	49.47	0	0	100	5.5843	51.4392	0.1086	57.0235	-0.4329	-3.3305	-3.7634	69.38	49.47
"7"	"Mivi"	"N"	"6"	38.75	0	0	100	7.2174	68.0622	0.106	75.2796	6.8163	1.3858	8.2021	81.76	38.75
"8"	"Mivi"	"N"	"6"	41.66	0	0	100	5.8624	46.0081	0.1274	51.8705	-0.2939	-2.7087	-3.0025	81.34	41.66
"9"	"Mivi"	"N"	"6"	38.33	0	0	100	8.4484	73.2707	0.1153	81.7191	-0.6623	-5.5971	-6.2594	79.3	38.33
